%%%%%%%%%%%%%%%%%%%%%%%%%%%%%%%%%%%%%%%%%%%%%%%%%%%%%%%%%%%%%%%%%%%%%%%%%%%
%%%%%%%%%%%%%%%%%%%%%%%%%%%%%%%%%%%%%%%%%%%%%%%%%%%%%%%%%%%%%%%%%%%%%%%%%%%
%%%% Plot phonon band structure for SWCNT (16,0) 4 atom cell 
%%%%%%%%%%%%%%%%%%%%%%%%%%%%%%%%%%%%%%%%%%%%%%%%%%%%%%%%%%%%%%%%%%%%%%%%%%%
%%%%%%%%%%%%%%%%%%%%%%%%%%%%%%%%%%%%%%%%%%%%%%%%%%%%%%%%%%%%%%%%%%%%%%%%%%%


q_cnt4 = [0;1/12;2/12;3/12;4/12;5/12;6/12];
omega_ab_cnt64 = [0 0 0 0 0  1.795067E+01  4.988892E+01  4.988892E+01 ...
                   1.009661E+02  1.012362E+02  1.202309E+02  1.202309E+02  1.624603E+02  1.624603E+02  1.846534E+02  2.299421E+02 ...
                   2.301091E+02  2.375205E+02  2.375346E+02  2.578737E+02  2.578737E+02  2.996741E+02  2.996741E+02  3.525773E+02 ...
                   3.525773E+02  3.681050E+02  3.681269E+02  4.001159E+02  4.001990E+02  4.323157E+02  4.323157E+02  4.639654E+02 ...
                   4.639870E+02  4.890504E+02  4.891505E+02  4.928581E+02  4.928581E+02  4.947811E+02  4.948299E+02  5.026845E+02 ...
                   5.027471E+02  5.038681E+02  5.038681E+02  5.108821E+02  5.291055E+02  5.291055E+02  5.367676E+02  5.367676E+02 ...
                   5.504714E+02  5.504714E+02  5.707828E+02  5.707828E+02  5.725002E+02  5.725853E+02  5.770412E+02  5.770667E+02 ...
                   6.059984E+02  6.059984E+02  6.255011E+02  6.255063E+02  6.275568E+02  6.275568E+02  6.283579E+02  6.368171E+02 ...
                   6.368171E+02  6.405348E+02  6.622636E+02  6.622636E+02  6.720478E+02  6.720727E+02  6.853825E+02  6.853924E+02 ...
                   6.923794E+02  6.924164E+02  7.390744E+02  7.390744E+02  7.432025E+02  7.432450E+02  7.669782E+02  7.669782E+02 ...
                   7.850993E+02  7.851759E+02  8.200399E+02  8.200399E+02  8.216395E+02  8.216395E+02  8.439651E+02  8.439651E+02 ...
                   8.489588E+02  8.489690E+02  8.536630E+02  8.536647E+02  8.681902E+02  8.681902E+02  8.804501E+02  8.804554E+02 ...
                   8.865822E+02  8.865822E+02  8.877540E+02  9.296498E+02  9.296498E+02  9.307032E+02  9.307855E+02  9.407217E+02 ...
                   9.407634E+02  9.865644E+02  9.865773E+02  9.988116E+02  9.988116E+02  1.023507E+03  1.023507E+03  1.098851E+03 ...
                   1.098871E+03  1.159150E+03  1.159150E+03  1.208175E+03  1.208208E+03  1.236747E+03  1.236747E+03  1.242515E+03 ...
                   1.242518E+03  1.249865E+03  1.249865E+03  1.277339E+03  1.277339E+03  1.285870E+03  1.285911E+03  1.287777E+03 ...
                   1.287786E+03  1.313242E+03  1.313244E+03  1.320002E+03  1.320002E+03  1.332600E+03  1.332600E+03  1.338725E+03 ...
                   1.338725E+03  1.345932E+03  1.345941E+03  1.346699E+03  1.346720E+03  1.347899E+03  1.362955E+03  1.362955E+03 ...
                   1.363638E+03  1.363638E+03  1.370128E+03  1.373800E+03  1.373811E+03  1.375492E+03  1.375492E+03  1.397035E+03 ...
                   1.397038E+03  1.403199E+03  1.403199E+03  1.418883E+03  1.418883E+03  1.419752E+03  1.419786E+03  1.426993E+03 ...
                   1.426993E+03  1.428715E+03  1.439775E+03  1.439796E+03  1.445260E+03  1.445278E+03  1.476653E+03  1.476653E+03 ...
                   1.506919E+03  1.506919E+03  1.510524E+03  1.510531E+03  1.542923E+03  1.542923E+03  1.560909E+03  1.560971E+03 ...
                   1.569615E+03  1.569616E+03  1.586985E+03  1.586985E+03  1.599064E+03  1.599584E+03  1.600507E+03  1.600507E+03 ...
                   1.618513E+03  1.618513E+03  1.625244E+03  1.625263E+03  1.632237E+03  1.632273E+03  1.635470E+03  1.635470E+03;
                   2.457790E+01  2.690494E+01  4.756713E+01  4.756713E+01  5.549913E+01  5.549913E+01  8.991721E+01  1.058848E+02 ...
                   1.061471E+02  1.378588E+02  1.675995E+02  1.675995E+02  1.729594E+02  1.729594E+02  1.889636E+02  2.355024E+02 ...
                   2.357001E+02  2.558722E+02  2.558929E+02  2.768285E+02  2.768285E+02  3.056498E+02  3.056498E+02  3.562837E+02 ...
                   3.562837E+02  3.740429E+02  3.741160E+02  4.207359E+02  4.207838E+02  4.368682E+02  4.368682E+02  4.594409E+02 ...
                   4.594524E+02  4.693205E+02  4.693205E+02  4.707213E+02  4.707608E+02  4.784415E+02  4.785080E+02  4.788456E+02 ...
                   4.788456E+02  4.848582E+02  4.859529E+02  4.860708E+02  4.957573E+02  4.957573E+02  5.604957E+02  5.604957E+02 ...
                   5.694509E+02  5.694509E+02  5.713926E+02  5.713926E+02  5.781238E+02  5.782097E+02  6.003984E+02  6.004249E+02 ...
                   6.240617E+02  6.261412E+02  6.261412E+02  6.272518E+02  6.272518E+02  6.459872E+02  6.459944E+02  6.507637E+02 ...
                   6.507637E+02  6.572030E+02  6.572213E+02  6.630468E+02  6.656418E+02  6.656418E+02  6.828449E+02  6.828741E+02 ...
                   7.102498E+02  7.102906E+02  7.366510E+02  7.366510E+02  7.393066E+02  7.393494E+02  7.480220E+02  7.480220E+02 ...
                   7.827344E+02  7.828097E+02  8.190529E+02  8.190529E+02  8.312784E+02  8.312801E+02  8.383109E+02  8.383109E+02 ...
                   8.386199E+02  8.386199E+02  8.472613E+02  8.472741E+02  8.666471E+02  8.666471E+02  8.790946E+02  8.791011E+02 ...
                   8.856640E+02  8.856640E+02  8.876092E+02  9.043946E+02  9.043946E+02  9.315484E+02  9.315897E+02  9.489054E+02 ...
                   9.489828E+02  9.608180E+02  9.608322E+02  9.799034E+02  9.799034E+02  1.042702E+03  1.042702E+03  1.119480E+03 ...
                   1.119499E+03  1.180925E+03  1.180925E+03  1.202777E+03  1.202779E+03  1.208063E+03  1.208063E+03  1.224583E+03 ...
                   1.224619E+03  1.228342E+03  1.228342E+03  1.257448E+03  1.257449E+03  1.278263E+03  1.278263E+03  1.285740E+03 ...
                   1.289216E+03  1.289254E+03  1.290582E+03  1.290582E+03  1.328493E+03  1.328499E+03  1.349385E+03  1.349385E+03 ...
                   1.361660E+03  1.361660E+03  1.364321E+03  1.364321E+03  1.365576E+03  1.365597E+03  1.377287E+03  1.377299E+03 ...
                   1.385478E+03  1.385478E+03  1.394119E+03  1.394130E+03  1.403345E+03  1.403349E+03  1.404808E+03  1.404808E+03 ...
                   1.415125E+03  1.415125E+03  1.422085E+03  1.422114E+03  1.423534E+03  1.423534E+03  1.423751E+03  1.429922E+03 ...
                   1.429922E+03  1.431012E+03  1.438730E+03  1.438749E+03  1.448653E+03  1.448669E+03  1.478799E+03  1.478799E+03 ...
                   1.505892E+03  1.505892E+03  1.511368E+03  1.511372E+03  1.542478E+03  1.542478E+03  1.559932E+03  1.559992E+03 ...
                   1.568008E+03  1.568015E+03  1.584583E+03  1.584583E+03  1.591547E+03  1.599614E+03  1.599614E+03  1.613037E+03 ...
                   1.621995E+03  1.621995E+03  1.624568E+03  1.624586E+03  1.633314E+03  1.633343E+03  1.635330E+03  1.635330E+03;
                   6.861399E+01  6.941508E+01  7.723146E+01  7.723146E+01  1.083583E+02  1.083583E+02  1.216527E+02  1.218968E+02 ...
                   1.781911E+02  1.802126E+02  1.827681E+02  1.827681E+02  2.440638E+02  2.440638E+02  2.514160E+02  2.515989E+02 ...
                   2.866504E+02  3.016454E+02  3.016697E+02  3.223366E+02  3.223366E+02  3.461117E+02  3.461117E+02  3.747897E+02 ...
                   3.747897E+02  3.902401E+02  3.903079E+02  4.216608E+02  4.216972E+02  4.229896E+02  4.229896E+02  4.279011E+02 ...
                   4.279011E+02  4.327829E+02  4.358164E+02  4.358904E+02  4.479147E+02  4.479147E+02  4.569207E+02  4.569230E+02 ...
                   4.596453E+02  4.596453E+02  4.751661E+02  4.751702E+02  4.757871E+02  4.759137E+02  5.417851E+02  5.417851E+02 ...
                   5.940801E+02  5.941613E+02  6.099003E+02  6.099003E+02  6.110725E+02  6.167139E+02  6.167139E+02  6.228705E+02 ...
                   6.228705E+02  6.256088E+02  6.256177E+02  6.402827E+02  6.403061E+02  6.420697E+02  6.420697E+02  6.668229E+02 ...
                   6.668229E+02  6.753424E+02  6.753726E+02  6.828678E+02  6.828974E+02  7.025686E+02  7.025686E+02  7.051134E+02 ...
